15379
15664
32681
31812
41056
6983
46530
17953
4916
21375
57991
49002
18399
40087
57263
58272
2082
26893
27433
27944
59125
47211
47879
33691
62110
39833
10723
9986
16873
42489
14618
32252
58154
47299
64064
33674
54282
45058
51628
59198
897
44083
42664
19296
18634
34392
12033
20716
61285
39466
48660
54875
21142
31003
23030
17716
5301
33754
27702
22174
10707
42320
54426
3325
24083
52954
37000
12829
32477
23092
6491
33374
1639
49155
52671
20274
18011
64704
40990
13761
38634
24115
3100
59776
55118
26130
11956
60419
59884
39658
17057
5056
16442
5947
8381
40525
58902
45381
53354
25843
2937
59845
59217
4577
43465
46352
24851
61476
45520
305
9701
18619
24420
12801
12859
14003
38932
24816
8886
33280
64474
25944
38336
15381
31891
46718
55906
25257
26563
43725
51100
29501
38034
44782
34078
15963
25598
58929
11904
5583
59234
21605
24202
18119
34407
37061
32122
7803
61877
41008
41083
60816
1416
13884
10661
33308
60602
1031
58565
21629
44756
44130
51130
17255
23376
19672
33218
48974
13065
45122
54557
6764
1192
13223
24883
35599
50285
57005
43402
46626
32477
18949
41906
33894
32833
52567
1666
27899
53599
60231
49529
32819
38825
35123
50074
62201
54796
17757
45640
2325
62879
34661
9089
64071
47885
33972
34134
32634
25441
12000
13724
57919
30950
55631
26277
63783
42662
27943
26147
30725
22638
10140
63545
61464
45263
48083
58129
34523
304
38233
36849
63184
7359
45938
61719
55244
14375
30318
22342
39816
42318
36066
32199
7732
26161
58476
5980
3288
20883
32127
34013
43522
42267
32022
39450
21994
14570
32043
56518
14874
4741
27831
12522
12100
8233
8706
1808
22608
39024
24150
62425
15806
60216
29088
23539
20842
22029
29519
24130
42912
61646
58143
20898
38377
24630
60348
60371
39200
26856
51353
54074
31597
13648
1061
43697
21882
9767
45505
44490
48791
4119
41379
64597
64335
4932
22600
19641
26961
52119
43771
4337
48229
36379
25236
21070
61009
20048
15906
34673
46904
1723
23211
12965
15372
24272
56662
37254
34039
36631
16208
17294
40750
57588
16356
39550
62520
38956
59191
23945
25540
37427
28282
8233
8270
53518
29304
3743
8031
45210
38416
54935
46933
61627
2365
62305
20364
59027
34023
54403
30123
50232
6162
5337
42284
22518
44887
39268
61474
38543
63213
21478
10434
25959
29712
18704
13942
59016
22447
21973
38690
60863
11372
20087
56954
13737
16857
11782
7229
50880
650
37352
35576
6812
42689
12324
29330
22041
51592
25268
60584
49269
46747
5482
9693
10923
24186
23635
4403
46633
45608
43093
41960
56980
63180
33378
5182
14501
45161
12411
65382
45811
49763
35422
52623
26916
47747
16417
48957
33803
41685
44005
17537
22896
49487
27230
33819
8137
50865
38222
54770
30937
15779
31194
22381
13424
64573
27563
27925
44198
39974
27771
24473
24201
63194
11560
51118
45405
27977
34539
13672
4126
13009
31209
27023
62496
58439
60842
5098
43768
33529
59868
9169
49308
25527
31551
62732
24564
59114
25122
3226
33553
52893
27699
57754
50551
39259
43336
30420
1700
12340
44093
5826
25349
9766
32849
22309
2670
28156
27407
46438
61685
21740
55608
45457
47267
21623
42654
6295
15201
2240
9521
48754
55133
37220
40973
40149
10943
18773
5033
12643
31113
49126
18469
56462
58893
51319
13236
61563
13939
40643
42465
10088
62383
32537
55545
44114
54160
32663
50409
3826
34903
59930
52580
24501
31614
28017
64650
42557
46791
4147
55200
12368
53274
8134
3295
46631
59453
16531
42658
7856
57174
19587
17944
54022
52125
7953
32600
40749
40617
17474
44575
9984
11868
31620
34485
43483
59637
33599
20504
40892
37747
10169
53261
25485
18303
56556
6580
12220
7551
49238
20076
64725
3289
38020
53211
55414
45973
20276
30628
21054
37750
9667
31039
49618
41287
65524
27565
35389
33588
48070
10745
5799
58239
64006
31284
11006
55026
37864
23226
62577
21566
43302
61767
24855
15786
49442
14734
61759
4182
45362
17278
41932
55029
48317
26015
30781
48305
53580
634
16357
36114
11379
22156
28817
9850
53440
39823
64876
25768
63049
61918
47334
40815
58149
6654
56601
42055
21388
52825
46238
1214
4567
22634
56243
52884
48649
21488
35653
36694
22122
52011
7272
33502
8631
36090
43352
62072
10377
42692
22304
7891
39074
4103
48706
31687
10757
39772
8207
32145
27061
54445
33359
31628
11543
24066
18976
60193
45555
54629
31351
2141
41104
38623
35643
49736
9177
13459
46272
19555
56152
3040
27446
29690
7143
10616
61378
17900
50388
4049
50045
11913
58494
17868
43541
4501
41935
62517
64694
21954
51611
30509
24095
27179
3597
59739
11379
12774
7662
57651
32329
63814
60692
59775
27969
2299
4856
23811
20200
55244
27860
4709
1622
20818
22578
45163
25319
64513
42145
24478
20931
28220
54987
45026
55399
58584
39229
1243
5823
46892
58894
38152
45170
54050
32392
7603
56350
37248
31414
11014
26956
59274
15723
28578
14556
38301
8206
39876
37278
50351
64354
58209
13035
53805
37700
2898
46854
11393
4141
52677
58285
63036
25293
37920
51550
57685
45523
42364
29397
11402
53378
56354
5140
3566
19396
19697
41867
27602
59573
13610
12417
58391
6283
25452
46660
43983
28351
27978
55377
32492
15119
48126
29992
40413
20510
16007
32562
498
58371
61960
11900
46214
52778
17040
49780
6638
36737
26111
34241
30774
39721
46658
23629
46005
6575
4754
24452
34926
32732
14293
1882
47852
62420
31875
22729
17394
47882
55291
17892
40717
51715
29792
21395
38957
46833
5639
45596
18034
31751
14301
48809
5936
60959
6902
51941
1998
11656
10858
36924
44389
25151
38807
26705
22035
5146
49434
39430
53028
39189
57322
28209
25369
21579
49605
64326
2876
55244
44386
20910
21459
58687
4183
27396
54111
11086
13801
56109
22742
24659
27498
1595
49811
769
28300
6310
5915
12198
45740
58943
51388
37527
21616
11221
59106
5685
10011
61982
60930
54398
17356
16853
47549
21540
44249
36124
32626
58051
26698
55368
17174
54196
56964
1449
54965
19728
7760
60880
31927
53500
54287
17779
25491
10367
29000
19061
16053
39011
15507
11447
27873
32864
28300
9887
54404
7014
46011
21494
65065
7173
11326
16703
61369
2754
18153
50798
22483
25913
46142
54410
13877
34893
6653
39369
45261
35653
58430
61314
9128
8402
7225
37002
